(M=23696870929,N=30171824500)
pi=3.141589389664
epsilon=0.000010000000 < epsilon0=0.000010
time: 1181.590000
